topMass_169.5: 
    Max: 65.748192330383
    Min: 65.732485250737

topMass_172.5:
    Max: 67.578658550724
    Min: 67.563224637681

topMass_175.5:
    Max: 69.397826780626
    Min: 69.382656695156

